2
10 4
3.9863277077547532e+000  1.0076174199652089e+001
 3.3422681356242563e+001  1.2293160802026428e+001
-2.5210211493270670e+001  3.7192358165227212e+001
 5.8065919980468152e+001  6.2958861049226357e+001
-1.1684102908413951e+001 -1.1750419629505295e+001
 5.4023071993163853e+001 -3.3958372753074741e+001
 1.3541337321085239e+001 -2.9442457350383009e+001
 2.1461378826258127e+001 -2.5796136356700337e+001
 2.1010223700674459e+001 -4.9583849604785300e+001
 3.6719870601519822e+000  6.3599017303994870e+001
10 2
 2.2676656392101812e+001 -7.8202459791863781e+000
-6.0277108066042029e-001  5.9226386303292948e+001
 2.6866847743156224e+001  1.2469924008911404e+001
-3.0762688070314653e+001  6.9882015442365798e+001
 2.3675344096194340e+000  7.6641407513657043e+001
 5.3816278572954495e+001 -1.9586718344676044e+001
 4.0933713797418136e+001 -3.9953611865596486e+000
-2.5910519730216377e+000 -2.8581499679555648e+001
-1.0431287575914792e+001 -9.3207800531022063e+000
-7.5629749443037184e+000  5.3163792840357672e+001